1 2
1 3
1 4
1 5
1 6
1 7
1 8
1 9
1 10
1 11
1 12
1 13
1 14
1 15
1 16
1 17
1 18
1 19
1 20
1 21
1 22
1 23
1 24
1 25
1 26
1 27
1 28
1 29
1 30
1 31
1 32
1 33
1 34
1 35
1 36
1 37
1 38
1 39
1 40
1 41
1 42
1 43
1 44
1 45
1 46
1 47
1 48
1 49
1 50
1 51
1 52
1 53
1 54
1 55
1 56
1 57
1 58
1 59
1 60
1 61
1 62
1 63
1 64
1 65
1 66
1 67
1 68
1 69
1 70
1 71
1 72
1 73
1 74
1 75
1 76
1 77
1 78
1 79
1 80
1 81
1 82
1 83
1 84
1 85
1 86
1 87
1 88
1 89
1 90
1 91
1 92
1 93
1 94
1 95
1 96
1 97
1 98
1 99
1 100
1 101
1 102
1 103
1 104
1 105
1 106
1 107
1 108
1 109
1 110
1 111
1 112
1 113
1 114
1 115
1 116
1 117
1 118
1 119
1 120
1 121
1 122
1 123
1 124
1 125
1 126
1 127
1 128
1 129
1 130
1 131
1 132
1 133
1 134
1 135
1 136
1 137
1 138
1 139
1 140
1 141
1 142
1 143
1 144
1 145
1 146
1 147
1 148
1 149
1 150
1 151
1 152
1 153
1 154
1 155
1 156
1 157
1 158
1 159
1 160
1 161
1 162
1 163
1 164
1 165
1 166
1 167
1 168
1 169
1 170
1 171
1 172
1 173
1 174
1 175
1 176
1 177
1 178
1 179
1 180
1 181
1 182
1 183
1 184
1 185
1 186
1 187
1 188
1 189
1 190
1 191
1 192
1 193
1 194
1 195
1 196
1 197
1 198
1 199
1 200
1 201
1 202
1 203
1 204
1 205
1 206
1 207
1 208
1 209
1 210
1 211
1 212
1 213
1 214
1 215
1 216
1 217
1 218
1 219
1 220
1 221
1 222
1 223
1 224
1 225
1 226
1 227
1 228
1 229
1 230
1 231
1 232
2 98
3 7
4 21
4 32
4 54
4 78
4 98
4 100
5 17
5 143
8 157
12 35
12 52
12 96
12 103
12 126
12 149
14 62
14 82
17 106
17 143
18 29
18 133
19 42
19 89
19 102
19 105
19 132
19 142
19 154
19 160
19 163
19 170
19 177
19 181
19 182
19 183
19 184
19 187
19 206
19 207
19 212
19 215
19 216
19 219
19 222
20 80
20 111
20 165
21 22
21 32
22 32
22 46
22 140
24 95
24 99
24 137
24 144
24 174
26 35
26 53
26 58
26 63
26 72
26 79
26 101
26 103
26 106
26 120
26 126
26 136
26 149
26 164
27 57
27 88
27 104
27 111
27 125
27 148
27 156
27 165
27 205
27 209
34 101
35 52
35 79
35 120
35 149
36 64
36 78
36 140
38 99
38 144
38 172
38 201
42 102
42 145
42 160
42 170
42 177
42 181
42 191
42 207
42 211
42 212
42 215
42 216
43 46
43 49
43 50
43 54
43 55
43 64
43 69
43 91
43 98
43 113
43 116
43 118
43 131
43 140
43 162
44 99
44 112
44 172
44 174
45 52
46 49
46 54
46 55
46 64
46 91
46 100
46 113
46 116
46 118
46 121
46 130
46 131
46 162
47 84
47 116
48 81
49 54
49 55
49 64
49 69
49 91
49 98
49 116
49 130
49 131
49 140
50 54
50 55
50 64
51 73
52 73
52 101
52 103
52 120
52 126
53 58
53 63
53 79
53 149
54 55
54 64
54 69
54 91
54 98
54 100
54 113
54 116
54 118
54 121
54 130
54 131
54 150
54 162
55 64
55 69
55 98
55 100
55 113
55 116
55 118
55 130
55 131
55 140
55 150
55 162
56 75
56 77
56 89
56 105
56 107
56 109
56 114
56 124
56 134
56 135
56 184
56 187
56 206
56 213
57 67
57 88
57 104
57 125
57 148
57 156
57 205
57 209
58 63
58 79
58 149
59 69
59 130
60 73
61 72
61 136
61 149
63 136
64 69
64 91
64 98
64 100
64 113
64 116
64 118
64 130
64 131
64 140
64 162
65 66
65 80
65 104
65 111
65 148
65 156
65 165
66 67
66 80
66 88
66 104
66 111
66 148
66 156
66 209
67 85
67 88
67 209
69 91
69 98
69 100
69 113
69 116
69 118
69 121
69 130
69 131
69 140
69 162
72 101
72 106
72 136
72 149
73 101
73 120
73 129
75 89
75 107
75 114
75 135
75 145
75 163
75 184
76 80
76 85
76 88
76 94
76 104
76 111
76 125
76 165
76 166
76 175
76 209
77 89
77 107
77 110
77 114
77 135
77 145
77 154
77 159
77 160
77 163
77 177
77 181
77 182
77 184
77 191
77 197
77 204
77 206
77 213
79 136
79 149
80 85
80 94
80 108
80 123
80 125
80 166
80 175
82 186
83 89
83 102
83 105
83 132
83 134
83 141
83 145
83 154
83 160
83 167
83 170
83 177
83 181
83 183
83 184
83 187
83 191
83 196
83 203
83 204
83 206
83 207
83 211
83 212
83 215
83 216
85 88
85 123
85 209
86 87
86 102
86 105
86 124
86 132
86 145
86 160
86 163
86 170
86 177
86 181
86 184
86 187
86 203
86 206
86 219
86 222
86 224
87 89
87 102
87 105
87 109
87 114
87 124
87 132
87 133
87 134
87 135
87 141
87 154
87 159
87 170
87 177
87 181
87 182
87 183
87 187
87 196
87 203
87 206
87 215
88 104
88 156
88 165
88 209
89 102
89 105
89 114
89 119
89 132
89 134
89 135
89 141
89 184
90 186
91 100
91 113
91 130
91 162
92 96
92 103
92 126
92 127
92 149
93 223
95 99
95 112
95 137
95 144
95 157
95 173
95 174
95 190
95 220
97 171
97 176
98 162
99 112
99 137
99 144
99 172
99 173
99 174
99 190
99 198
99 201
99 221
99 226
100 113
100 116
100 118
100 121
100 130
100 150
100 162
102 105
102 109
102 124
102 132
102 133
102 134
102 141
102 170
102 177
102 182
102 187
102 191
103 120
103 126
104 111
104 125
104 148
104 156
105 114
105 119
105 163
105 181
107 114
107 135
109 110
109 114
109 119
109 124
109 132
109 133
109 134
109 135
109 141
109 142
109 154
109 160
109 163
109 167
109 170
109 177
109 181
109 182
109 184
109 187
109 191
109 203
109 204
109 217
109 222
110 119
110 132
110 133
111 117
111 148
111 156
111 165
111 180
111 205
111 209
112 144
112 173
112 190
113 118
113 121
113 130
113 131
113 150
113 162
114 135
114 163
115 168
116 118
116 130
116 140
116 162
117 209
118 121
118 130
118 150
118 162
119 124
119 132
119 134
119 154
119 160
119 167
119 170
119 187
119 196
119 204
119 207
119 217
121 130
121 150
121 162
124 133
124 134
124 135
124 141
124 142
124 160
124 163
124 167
124 170
124 182
124 187
124 196
124 203
124 212
124 213
124 215
124 217
124 219
124 224
125 165
130 131
130 150
130 162
132 133
132 134
132 141
132 142
132 145
132 163
132 170
132 177
132 184
132 191
132 203
133 145
133 160
133 163
133 167
133 177
133 181
133 182
133 183
133 191
133 196
133 197
133 204
133 211
133 217
134 135
134 141
134 142
134 145
134 154
134 159
134 160
134 163
134 177
134 181
134 184
134 187
134 213
134 224
136 149
137 144
137 172
137 174
137 190
137 201
137 220
139 156
141 160
141 163
141 170
141 177
141 181
141 182
141 183
141 191
141 196
141 207
141 212
141 217
142 181
142 184
142 187
142 206
144 172
144 173
144 221
146 176
146 195
148 156
149 164
154 160
154 170
154 216
156 165
156 205
156 209
159 163
159 182
159 184
159 187
159 203
159 213
160 182
160 191
163 191
167 181
169 170
169 181
169 187
169 206
169 207
169 211
169 212
169 216
170 177
170 182
170 187
171 176
174 198
177 181
177 191
177 203
177 216
181 184
181 187
181 203
182 203
182 213
184 213
184 222
187 191
187 203
187 206
190 198
190 201
191 204
197 213
198 201
203 219
203 222
205 209
211 216
212 216
213 219
